30

Culture: en-NL 
Date: 27/09/2024 14:54:55.52574

ENLIGHT Version: 1.18.8.0

Data Save Interval: 50
Timestamp Format: Full

Name: 
Description: 
Module Type: Hyperion
HW Acquisition Rate: 1000 Hz
Wavelength Tracking: 400 pm / acquistion
Data Interleave: 1

IP Address: 10.0.0.55
      Port: 51971

IDN: Hyperion
Image ID: 14.1.0
S/N: HIAGZH

CH 1 Configuration:
	Distance Compensation Enabled: False
	Spectral Average Count: 1
	Detect Valley: False
	Detection Setting ID: 135
Timestamp	# CH 1
27/09/2024 14:54:55.53074	8	1516,81764	1523,79162	1530,73869	1537,73303	1544,73488	1551,75337	1558,79005	1565,88426
27/09/2024 14:54:55.58074	8	1516,81334	1523,78841	1530,73316	1537,72784	1544,73294	1551,74671	1558,78867	1565,88087
27/09/2024 14:54:55.63074	8	1516,81015	1523,78255	1530,73068	1537,72322	1544,72887	1551,74416	1558,78373	1565,87688
27/09/2024 14:54:55.68074	8	1516,82139	1523,79313	1530,74231	1537,73573	1544,73955	1551,75455	1558,79440	1565,89025
27/09/2024 14:54:55.73074	8	1516,80379	1523,77745	1530,72744	1537,72072	1544,72246	1551,74201	1558,78096	1565,87508
27/09/2024 14:54:55.78074	8	1516,82026	1523,79275	1530,73888	1537,73303	1544,73586	1551,75416	1558,79203	1565,88426
27/09/2024 14:54:55.83074	8	1516,81184	1523,78898	1530,73487	1537,72918	1544,72867	1551,74945	1558,78907	1565,88227
27/09/2024 14:54:55.88074	8	1516,81090	1523,78444	1530,73487	1537,72591	1544,72692	1551,74730	1558,78590	1565,87748
27/09/2024 14:54:55.93074	8	1516,82064	1523,79691	1530,74002	1537,73553	1544,73799	1551,75533	1558,79599	1565,89104
27/09/2024 14:54:55.98074	8	1516,80903	1523,77821	1530,72668	1537,72052	1544,72401	1551,73946	1558,78096	1565,87329
27/09/2024 14:54:56.03074	8	1516,82045	1523,79106	1530,73926	1537,73438	1544,73469	1551,75435	1558,79421	1565,88546
27/09/2024 14:54:56.08074	8	1516,81278	1523,78822	1530,73201	1537,72918	1544,73081	1551,74828	1558,79104	1565,88306
27/09/2024 14:54:56.13074	8	1516,81109	1523,78274	1530,73449	1537,72514	1544,72964	1551,74769	1558,78353	1565,87748
27/09/2024 14:54:56.18074	8	1516,82026	1523,79370	1530,74326	1537,73476	1544,73857	1551,75670	1558,79421	1565,88925
27/09/2024 14:54:56.23074	8	1516,80735	1523,78331	1530,72973	1537,72091	1544,72518	1551,74299	1558,78135	1565,87468
27/09/2024 14:54:56.28074	8	1516,81521	1523,79295	1530,74021	1537,73245	1544,73527	1551,75416	1558,79302	1565,88626
27/09/2024 14:54:56.33074	8	1516,81296	1523,78520	1530,73640	1537,72495	1544,73100	1551,75063	1558,78729	1565,88267
27/09/2024 14:54:56.38074	8	1516,81184	1523,78444	1530,73106	1537,72303	1544,72712	1551,74691	1558,78630	1565,87728
27/09/2024 14:54:56.43074	8	1516,81933	1523,79578	1530,74098	1537,73265	1544,73916	1551,75396	1558,79698	1565,88885
27/09/2024 14:54:56.48074	8	1516,80491	1523,77991	1530,72896	1537,72033	1544,72498	1551,74338	1558,78175	1565,87788
27/09/2024 14:54:56.53074	8	1516,81764	1523,79502	1530,73850	1537,73072	1544,73586	1551,75259	1558,79460	1565,88566
27/09/2024 14:54:56.58074	8	1516,81427	1523,78577	1530,73430	1537,72303	1544,73158	1551,74985	1558,78768	1565,88267
27/09/2024 14:54:56.63074	8	1516,81240	1523,78501	1530,73411	1537,72129	1544,72673	1551,74632	1558,78551	1565,87748
27/09/2024 14:54:56.68074	8	1516,82120	1523,79295	1530,74231	1537,73111	1544,73741	1551,75514	1558,79777	1565,88905
27/09/2024 14:54:56.73074	8	1516,80678	1523,78161	1530,72858	1537,71841	1544,72459	1551,74201	1558,78195	1565,87688
27/09/2024 14:54:56.78074	8	1516,81708	1523,79238	1530,74098	1537,73111	1544,73566	1551,75279	1558,79579	1565,88546
27/09/2024 14:54:56.83074	8	1516,81240	1523,78633	1530,73316	1537,72611	1544,72809	1551,74730	1558,78867	1565,88386
27/09/2024 14:54:56.88074	8	1516,81146	1523,78595	1530,73201	1537,72668	1544,72712	1551,74573	1558,78847	1565,87907
27/09/2024 14:54:56.93074	8	1516,82045	1523,79238	1530,74098	1537,73265	1544,73411	1551,75749	1558,79777	1565,88905
27/09/2024 14:54:56.98074	8	1516,81015	1523,78123	1530,72744	1537,71975	1544,72382	1551,74299	1558,78432	1565,87748
27/09/2024 14:54:57.03074	8	1516,81820	1523,79106	1530,74193	1537,73188	1544,73508	1551,75612	1558,79381	1565,88785
27/09/2024 14:54:57.08074	8	1516,81072	1523,78652	1530,73392	1537,72861	1544,73022	1551,74887	1558,78986	1565,88286
27/09/2024 14:54:57.13074	8	1516,81184	1523,78728	1530,73068	1537,72476	1544,72518	1551,74475	1558,78709	1565,88007
27/09/2024 14:54:57.18074	8	1516,81933	1523,79351	1530,74040	1537,73438	1544,73411	1551,75357	1558,79658	1565,88765
27/09/2024 14:54:57.23074	8	1516,80847	1523,78444	1530,72877	1537,71725	1544,72809	1551,74495	1558,78689	1565,87748
27/09/2024 14:54:57.28074	8	1516,81933	1523,79370	1530,73792	1537,73014	1544,73702	1551,75396	1558,79579	1565,88805
27/09/2024 14:54:57.33074	8	1516,81315	1523,78784	1530,73125	1537,72341	1544,72809	1551,74906	1558,78808	1565,88186
27/09/2024 14:54:57.38074	8	1516,81446	1523,78255	1530,73239	1537,72764	1544,72770	1551,75161	1558,78729	1565,88426
27/09/2024 14:54:57.43074	8	1516,82101	1523,79294	1530,73926	1537,73149	1544,73644	1551,75494	1558,79658	1565,89064
27/09/2024 14:54:57.48074	8	1516,80734	1523,78104	1530,72648	1537,72225	1544,72265	1551,74553	1558,78432	1565,87648
27/09/2024 14:54:57.53074	8	1516,82064	1523,79313	1530,74212	1537,73534	1544,73469	1551,75572	1558,79895	1565,89044
27/09/2024 14:54:57.58074	8	1516,81071	1523,78198	1530,73220	1537,72649	1544,72712	1551,75024	1558,79025	1565,88127
